[[1624159594025211935272368012549554090238141857201341437455328373825827257 0 0 0 0 0 0 0 0 0 0 0 0 0 0 0 0 0 0 0 0 0 0 0]
[262985539826912358554634596533923006230120185818897983668928165019013684 1 0 0 0 0 0 0 0 0 0 0 0 0 0 0 0 0 0 0 0 0 0 0]
[1236523234147346029167786512968594743534755148852235954888141666473686309 0 1 0 0 0 0 0 0 0 0 0 0 0 0 0 0 0 0 0 0 0 0 0]
[499005995958424368438949892389730673851868146159792181757586808178881765 0 0 1 0 0 0 0 0 0 0 0 0 0 0 0 0 0 0 0 0 0 0 0]
[1238267544291722910319974644377267453532246607249008421134700656684135577 0 0 0 1 0 0 0 0 0 0 0 0 0 0 0 0 0 0 0 0 0 0 0]
[21032175912523898966541402198575105369739231439585499983065664909928448 0 0 0 0 1 0 0 0 0 0 0 0 0 0 0 0 0 0 0 0 0 0 0]
[448413398667142120699105274509977572293225644686376320083921917786272664 0 0 0 0 0 1 0 0 0 0 0 0 0 0 0 0 0 0 0 0 0 0 0]
[1125003004468875801067637167876754430116258244087529419264022583684336092 0 0 0 0 0 0 1 0 0 0 0 0 0 0 0 0 0 0 0 0 0 0 0]
[675958103605143206684103989031919345470194438932099315351845417832344271 0 0 0 0 0 0 0 1 0 0 0 0 0 0 0 0 0 0 0 0 0 0 0]
[1300110381819566535965960253868395844622587363976359579510581689132462265 0 0 0 0 0 0 0 0 1 0 0 0 0 0 0 0 0 0 0 0 0 0 0]
[1114204888612667318607624807675195625396866419448396578637475181039103354 0 0 0 0 0 0 0 0 0 1 0 0 0 0 0 0 0 0 0 0 0 0 0]
[515457644938469303680673045762946432578380785565519139463164904466325362 0 0 0 0 0 0 0 0 0 0 1 0 0 0 0 0 0 0 0 0 0 0 0]
[402917441446565910114093695306447603329158432027232830841281111750887065 0 0 0 0 0 0 0 0 0 0 0 1 0 0 0 0 0 0 0 0 0 0 0]
[178694342889607878072668366470952076559198366585768856553239440098581939 0 0 0 0 0 0 0 0 0 0 0 0 1 0 0 0 0 0 0 0 0 0 0]
[1036587599750443005532174336165092472961086201473187661252733220701268213 0 0 0 0 0 0 0 0 0 0 0 0 0 1 0 0 0 0 0 0 0 0 0]
[743276788986112188402179202323609248179882481511826130696914777975759354 0 0 0 0 0 0 0 0 0 0 0 0 0 0 1 0 0 0 0 0 0 0 0]
[88957463536430896925393513177369616540223110406311413336929982688852334 0 0 0 0 0 0 0 0 0 0 0 0 0 0 0 1 0 0 0 0 0 0 0]
[1407947510102979939339244832979816827658939877560426863296171786587744285 0 0 0 0 0 0 0 0 0 0 0 0 0 0 0 0 1 0 0 0 0 0 0]
[316573940780216416481319214861976368671927782341414947000755744833497092 0 0 0 0 0 0 0 0 0 0 0 0 0 0 0 0 0 1 0 0 0 0 0]
[897433157912628707165306702558840126952568536073409200960072270706000006 0 0 0 0 0 0 0 0 0 0 0 0 0 0 0 0 0 0 1 0 0 0 0]
[1245711220950287276727880603158051749932453203429500344975800416432466016 0 0 0 0 0 0 0 0 0 0 0 0 0 0 0 0 0 0 0 1 0 0 0]
[760405315915849180588678669132184096161507902050853400856862653747672692 0 0 0 0 0 0 0 0 0 0 0 0 0 0 0 0 0 0 0 0 1 0 0]
[1004062895340256414230131820262950191418249066779262810794488289324480801 0 0 0 0 0 0 0 0 0 0 0 0 0 0 0 0 0 0 0 0 0 1 0]
[1040156495953076867481299314322614334270628318751552725185491901651778492 0 0 0 0 0 0 0 0 0 0 0 0 0 0 0 0 0 0 0 0 0 0 1]
]
Calculation demand : 0 second
Seed is : 7
Index is : 56


Lattice Vector's Index with minimal norm found : 5

Lattice Vector's  norm  : 0.2103217591e71

The Shortest Vector in the Lattice have coordinate: [21032175912523898966541402198575105369739231439585499983065664909928448 0 0 0 0 1 0 0 0 0 0 0 0 0 0 0 0 0 0 0 0 0 0 0]

