[[41425015755983688547135457303 0 0 0 0 0 0 0 0 0 0 0 0 0 0 0 0 0 0 0 0 0 0 0 0 0 0 0 0 0 0 0]
[17207960279914991938221878038 1 0 0 0 0 0 0 0 0 0 0 0 0 0 0 0 0 0 0 0 0 0 0 0 0 0 0 0 0 0 0]
[29676070116141560514850536141 0 1 0 0 0 0 0 0 0 0 0 0 0 0 0 0 0 0 0 0 0 0 0 0 0 0 0 0 0 0 0]
[15192949645107813233912996805 0 0 1 0 0 0 0 0 0 0 0 0 0 0 0 0 0 0 0 0 0 0 0 0 0 0 0 0 0 0 0]
[39051071802909287829572359010 0 0 0 1 0 0 0 0 0 0 0 0 0 0 0 0 0 0 0 0 0 0 0 0 0 0 0 0 0 0 0]
[14112531852140558438322169005 0 0 0 0 1 0 0 0 0 0 0 0 0 0 0 0 0 0 0 0 0 0 0 0 0 0 0 0 0 0 0]
[1409597836583802709329844686 0 0 0 0 0 1 0 0 0 0 0 0 0 0 0 0 0 0 0 0 0 0 0 0 0 0 0 0 0 0 0]
[34507769516863948573151903315 0 0 0 0 0 0 1 0 0 0 0 0 0 0 0 0 0 0 0 0 0 0 0 0 0 0 0 0 0 0 0]
[28604403840418929825892095129 0 0 0 0 0 0 0 1 0 0 0 0 0 0 0 0 0 0 0 0 0 0 0 0 0 0 0 0 0 0 0]
[13134046587429097387181934506 0 0 0 0 0 0 0 0 1 0 0 0 0 0 0 0 0 0 0 0 0 0 0 0 0 0 0 0 0 0 0]
[8101460759942052728424909455 0 0 0 0 0 0 0 0 0 1 0 0 0 0 0 0 0 0 0 0 0 0 0 0 0 0 0 0 0 0 0]
[20240308664046406192739507523 0 0 0 0 0 0 0 0 0 0 1 0 0 0 0 0 0 0 0 0 0 0 0 0 0 0 0 0 0 0 0]
[6315677218874899508719531221 0 0 0 0 0 0 0 0 0 0 0 1 0 0 0 0 0 0 0 0 0 0 0 0 0 0 0 0 0 0 0]
[32755872168674659623011332633 0 0 0 0 0 0 0 0 0 0 0 0 1 0 0 0 0 0 0 0 0 0 0 0 0 0 0 0 0 0 0]
[13530985688504794461767957645 0 0 0 0 0 0 0 0 0 0 0 0 0 1 0 0 0 0 0 0 0 0 0 0 0 0 0 0 0 0 0]
[966916472700235611291022205 0 0 0 0 0 0 0 0 0 0 0 0 0 0 1 0 0 0 0 0 0 0 0 0 0 0 0 0 0 0 0]
[26575650365667978701115805453 0 0 0 0 0 0 0 0 0 0 0 0 0 0 0 1 0 0 0 0 0 0 0 0 0 0 0 0 0 0 0]
[10168938704681524010699470854 0 0 0 0 0 0 0 0 0 0 0 0 0 0 0 0 1 0 0 0 0 0 0 0 0 0 0 0 0 0 0]
[11557436544191936537666466834 0 0 0 0 0 0 0 0 0 0 0 0 0 0 0 0 0 1 0 0 0 0 0 0 0 0 0 0 0 0 0]
[16809125599504415639888054662 0 0 0 0 0 0 0 0 0 0 0 0 0 0 0 0 0 0 1 0 0 0 0 0 0 0 0 0 0 0 0]
[7688721747942726021099961308 0 0 0 0 0 0 0 0 0 0 0 0 0 0 0 0 0 0 0 1 0 0 0 0 0 0 0 0 0 0 0]
[22492706799684872381944127036 0 0 0 0 0 0 0 0 0 0 0 0 0 0 0 0 0 0 0 0 1 0 0 0 0 0 0 0 0 0 0]
[17858735024735104332913586229 0 0 0 0 0 0 0 0 0 0 0 0 0 0 0 0 0 0 0 0 0 1 0 0 0 0 0 0 0 0 0]
[40305804101962155511271898246 0 0 0 0 0 0 0 0 0 0 0 0 0 0 0 0 0 0 0 0 0 0 1 0 0 0 0 0 0 0 0]
[26987278804052633227245513630 0 0 0 0 0 0 0 0 0 0 0 0 0 0 0 0 0 0 0 0 0 0 0 1 0 0 0 0 0 0 0]
[18406017471261933163497872613 0 0 0 0 0 0 0 0 0 0 0 0 0 0 0 0 0 0 0 0 0 0 0 0 1 0 0 0 0 0 0]
[35761363002029455762340126514 0 0 0 0 0 0 0 0 0 0 0 0 0 0 0 0 0 0 0 0 0 0 0 0 0 1 0 0 0 0 0]
[17785665661053449903857911262 0 0 0 0 0 0 0 0 0 0 0 0 0 0 0 0 0 0 0 0 0 0 0 0 0 0 1 0 0 0 0]
[362678311655709864932082613 0 0 0 0 0 0 0 0 0 0 0 0 0 0 0 0 0 0 0 0 0 0 0 0 0 0 0 1 0 0 0]
[821478284102075894793696857 0 0 0 0 0 0 0 0 0 0 0 0 0 0 0 0 0 0 0 0 0 0 0 0 0 0 0 0 1 0 0]
[30815670092647326059565537134 0 0 0 0 0 0 0 0 0 0 0 0 0 0 0 0 0 0 0 0 0 0 0 0 0 0 0 0 0 1 0]
[19622404899740331114996821781 0 0 0 0 0 0 0 0 0 0 0 0 0 0 0 0 0 0 0 0 0 0 0 0 0 0 0 0 0 0 1]
]
Lattice reduced by BKZ arbitry lenght precision, delta: 0.999999
Lattice reduced by BKZ block-size: 100
Calculation demand : 6 second
Seed is : 11
[[-3 2 2 -3 -3 0 1 -1 1 -6 -1 -1 -4 -1 0 -1 0 -1 1 1 2 1 3 0 1 1 -1 -3 1 -1 -1 2]
[1 -4 1 0 4 1 1 0 -2 4 -2 1 -1 0 1 -1 -1 -4 1 -3 0 3 2 2 0 0 1 -2 1 -3 -1 -3]
[-1 2 2 -4 -1 -2 2 -1 -1 -1 0 1 -1 1 -1 2 5 1 -3 3 1 2 -2 0 3 -2 -4 2 -3 4 -2 1]
[1 -2 2 -1 3 2 4 5 -2 5 1 2 -1 0 0 3 2 -4 -4 -2 4 0 1 1 -3 -2 0 0 -2 0 0 0]
[-1 4 4 -1 0 1 -1 -3 0 0 -3 1 -3 3 1 1 1 -2 0 -5 0 2 -1 0 2 -3 -4 1 2 1 0 -4]
[-2 -4 1 2 2 -3 3 0 1 -1 -1 -4 -1 2 0 0 -2 1 0 5 -1 -4 2 0 2 1 3 0 -1 2 -1 1]
[0 -4 0 2 0 0 4 3 0 1 -4 0 0 3 1 1 0 -1 0 -2 1 0 -1 -2 1 -3 0 4 -7 2 1 -1]
[1 2 -1 3 2 2 -1 -4 3 1 1 -2 2 0 0 -3 1 2 1 -3 -4 -1 -5 -2 1 -3 3 -4 3 -2 3 -1]
[1 0 -7 4 -1 1 -3 -1 4 -1 -1 1 1 0 -1 -1 -5 4 1 -2 1 0 -3 -1 2 -1 1 7 2 3 0 -3]
[0 1 4 -1 -4 -3 0 -1 2 -2 -2 0 1 2 4 -2 3 -2 2 1 -1 -1 -5 -5 1 1 -1 1 -1 5 2 1]
[3 3 3 -1 -1 1 -2 3 0 -1 0 2 2 -1 2 -2 0 -1 2 2 0 2 -2 2 2 6 2 -3 1 -2 1 2]
[3 6 1 -2 -6 1 -2 1 -2 -4 -1 2 0 3 -1 0 -3 1 1 2 4 2 2 -3 -1 2 0 2 -1 -2 5 2]
[0 0 2 1 4 0 -4 -1 0 0 1 -6 4 -4 0 -2 0 2 -1 -1 -2 -4 2 4 -2 0 1 -3 -1 -1 0 1]
[1 2 2 0 -1 1 3 0 0 -3 3 -1 -3 4 4 0 -4 -5 1 1 1 -2 2 -1 1 4 0 -2 0 -2 5 2]
[-1 0 -1 -4 1 -1 3 -1 2 -6 1 4 1 -4 -2 3 4 0 -1 3 0 3 -4 1 -1 0 1 -2 2 4 -4 3]
[0 -2 2 -4 2 0 5 0 1 0 2 3 0 -5 2 3 -1 -4 -1 1 0 -1 -1 -2 0 -2 -2 1 -1 4 -4 0]
[-2 -2 -1 1 -1 -2 -1 -3 -1 -3 -2 -6 -1 1 1 -3 4 0 0 0 1 2 -2 -3 6 -4 -3 1 -1 1 0 5]
[-2 4 2 -5 0 1 4 -2 -5 -3 1 -5 1 -5 -1 4 2 -4 -1 -3 0 0 2 2 -1 -2 -6 0 -1 0 -1 1]
[-1 1 -1 -2 0 -5 1 -3 -2 -1 -1 1 3 -4 1 -4 0 -2 2 1 -1 5 -1 2 -3 1 3 0 5 -1 -2 2]
[1 -5 -4 2 -2 1 0 1 4 -7 -1 1 1 -5 1 1 -1 -1 1 0 1 -6 -1 -2 3 -1 2 1 0 -1 0 2]
[0 -4 -6 -2 3 0 0 0 -4 1 5 -1 -1 0 -3 0 0 -1 5 -2 -5 0 2 3 -1 2 1 -2 0 -1 2 -2]
[-4 6 3 4 -1 -2 -2 -5 -2 -3 -2 0 -2 4 0 2 -1 4 0 2 -1 1 3 -1 -3 5 2 0 0 0 1 0]
[-3 -5 -1 -2 6 -2 -2 -3 2 2 1 2 2 -3 -3 1 -2 3 2 2 -3 -1 -6 -2 2 -2 2 -4 0 5 -3 1]
[-2 4 -1 -3 -4 1 -5 1 0 -7 -2 0 3 1 -1 -1 0 1 1 -5 1 -1 -2 0 6 3 -2 2 2 1 0 2]
[0 -3 4 -2 -2 -1 2 2 -5 3 -1 3 5 -1 1 -3 0 -4 0 3 1 0 0 1 2 0 -1 -5 1 -1 -2 3]
[-2 4 -4 0 -1 -3 1 -2 1 -1 0 0 -5 -2 1 4 0 1 -2 0 2 -6 1 4 -1 1 0 4 0 2 -1 3]
[1 -3 2 2 1 -3 -2 2 3 1 -3 -1 -2 1 1 1 -3 3 -3 -1 -3 -2 1 2 1 -1 -3 1 -2 -2 2 -5]
[1 -3 0 3 1 2 1 -1 -5 4 7 2 0 -2 2 2 0 0 -3 0 1 1 -4 -4 -3 -2 -2 -2 -1 -2 -3 1]
[-3 0 3 1 1 -1 -6 -1 0 3 0 -1 1 -3 4 1 -1 -4 -3 1 -4 1 -3 1 -3 -1 -3 -2 2 3 1 2]
[-3 2 -3 4 -2 1 0 0 -2 2 1 1 1 -2 2 3 -3 6 -1 1 -2 -2 -3 -1 -2 -1 2 3 5 0 1 -6]
[3 0 3 1 4 3 -1 -4 -1 1 2 0 3 -2 2 -1 0 3 1 1 -2 -4 3 0 -4 -1 1 0 1 -3 3 5]
[1 -5 4 -4 -3 -2 -1 0 1 6 -1 -3 0 3 2 3 2 -3 -5 2 5 -2 2 0 1 -2 2 2 1 1 -1 4]
]


Lattice Vector's Index with minimal norm found : 0

Lattice Vector's  norm  : 11.40175425

The Shortest Vector in the Lattice have coordinate: [-3 2 2 -3 -3 0 1 -1 1 -6 -1 -1 -4 -1 0 -1 0 -1 1 1 2 1 3 0 1 1 -1 -3 1 -1 -1 2]

