[[38833277231232618703547443093037 0 0 0 0 0 0 0 0 0 0 0 0 0 0 0 0 0 0 0 0 0 0 0 0 0 0 0 0 0 0 0 0 0 0]
[5048541818040071650825360824046 1 0 0 0 0 0 0 0 0 0 0 0 0 0 0 0 0 0 0 0 0 0 0 0 0 0 0 0 0 0 0 0 0 0]
[36036541135094368946243759241816 0 1 0 0 0 0 0 0 0 0 0 0 0 0 0 0 0 0 0 0 0 0 0 0 0 0 0 0 0 0 0 0 0 0]
[23192563813873549591748885900506 0 0 1 0 0 0 0 0 0 0 0 0 0 0 0 0 0 0 0 0 0 0 0 0 0 0 0 0 0 0 0 0 0 0]
[31911482330253090552276397814595 0 0 0 1 0 0 0 0 0 0 0 0 0 0 0 0 0 0 0 0 0 0 0 0 0 0 0 0 0 0 0 0 0 0]
[16337374597615603103945884617613 0 0 0 0 1 0 0 0 0 0 0 0 0 0 0 0 0 0 0 0 0 0 0 0 0 0 0 0 0 0 0 0 0 0]
[24489138049473331036750198538332 0 0 0 0 0 1 0 0 0 0 0 0 0 0 0 0 0 0 0 0 0 0 0 0 0 0 0 0 0 0 0 0 0 0]
[25330881215328863592737629932825 0 0 0 0 0 0 1 0 0 0 0 0 0 0 0 0 0 0 0 0 0 0 0 0 0 0 0 0 0 0 0 0 0 0]
[24650360693812895845982549781015 0 0 0 0 0 0 0 1 0 0 0 0 0 0 0 0 0 0 0 0 0 0 0 0 0 0 0 0 0 0 0 0 0 0]
[22998656101990172494249371396027 0 0 0 0 0 0 0 0 1 0 0 0 0 0 0 0 0 0 0 0 0 0 0 0 0 0 0 0 0 0 0 0 0 0]
[36537001762895952547343531373146 0 0 0 0 0 0 0 0 0 1 0 0 0 0 0 0 0 0 0 0 0 0 0 0 0 0 0 0 0 0 0 0 0 0]
[2642982363216557808073556617717 0 0 0 0 0 0 0 0 0 0 1 0 0 0 0 0 0 0 0 0 0 0 0 0 0 0 0 0 0 0 0 0 0 0]
[20410545158063181972064309180226 0 0 0 0 0 0 0 0 0 0 0 1 0 0 0 0 0 0 0 0 0 0 0 0 0 0 0 0 0 0 0 0 0 0]
[34834872036722428282889209551010 0 0 0 0 0 0 0 0 0 0 0 0 1 0 0 0 0 0 0 0 0 0 0 0 0 0 0 0 0 0 0 0 0 0]
[36337034242495330772487573556538 0 0 0 0 0 0 0 0 0 0 0 0 0 1 0 0 0 0 0 0 0 0 0 0 0 0 0 0 0 0 0 0 0 0]
[20530429842798018064938808868300 0 0 0 0 0 0 0 0 0 0 0 0 0 0 1 0 0 0 0 0 0 0 0 0 0 0 0 0 0 0 0 0 0 0]
[3246289097432972419931148366838 0 0 0 0 0 0 0 0 0 0 0 0 0 0 0 1 0 0 0 0 0 0 0 0 0 0 0 0 0 0 0 0 0 0]
[6866413754215889932609426798501 0 0 0 0 0 0 0 0 0 0 0 0 0 0 0 0 1 0 0 0 0 0 0 0 0 0 0 0 0 0 0 0 0 0]
[16174789893619929286753294049942 0 0 0 0 0 0 0 0 0 0 0 0 0 0 0 0 0 1 0 0 0 0 0 0 0 0 0 0 0 0 0 0 0 0]
[19214982488170618951437669024166 0 0 0 0 0 0 0 0 0 0 0 0 0 0 0 0 0 0 1 0 0 0 0 0 0 0 0 0 0 0 0 0 0 0]
[31214904185168073309644049326979 0 0 0 0 0 0 0 0 0 0 0 0 0 0 0 0 0 0 0 1 0 0 0 0 0 0 0 0 0 0 0 0 0 0]
[25671618771493400390555199242740 0 0 0 0 0 0 0 0 0 0 0 0 0 0 0 0 0 0 0 0 1 0 0 0 0 0 0 0 0 0 0 0 0 0]
[11669867297524534994076071578533 0 0 0 0 0 0 0 0 0 0 0 0 0 0 0 0 0 0 0 0 0 1 0 0 0 0 0 0 0 0 0 0 0 0]
[4517041264743188873267865406566 0 0 0 0 0 0 0 0 0 0 0 0 0 0 0 0 0 0 0 0 0 0 1 0 0 0 0 0 0 0 0 0 0 0]
[323050019588365925443947261727 0 0 0 0 0 0 0 0 0 0 0 0 0 0 0 0 0 0 0 0 0 0 0 1 0 0 0 0 0 0 0 0 0 0]
[16824832542951543438881348008071 0 0 0 0 0 0 0 0 0 0 0 0 0 0 0 0 0 0 0 0 0 0 0 0 1 0 0 0 0 0 0 0 0 0]
[16864829271889112841343824251249 0 0 0 0 0 0 0 0 0 0 0 0 0 0 0 0 0 0 0 0 0 0 0 0 0 1 0 0 0 0 0 0 0 0]
[2779107766714811081602604738348 0 0 0 0 0 0 0 0 0 0 0 0 0 0 0 0 0 0 0 0 0 0 0 0 0 0 1 0 0 0 0 0 0 0]
[21507108397979819585271340343439 0 0 0 0 0 0 0 0 0 0 0 0 0 0 0 0 0 0 0 0 0 0 0 0 0 0 0 1 0 0 0 0 0 0]
[25783989652479798853372942613653 0 0 0 0 0 0 0 0 0 0 0 0 0 0 0 0 0 0 0 0 0 0 0 0 0 0 0 0 1 0 0 0 0 0]
[29029520487789854201532580895278 0 0 0 0 0 0 0 0 0 0 0 0 0 0 0 0 0 0 0 0 0 0 0 0 0 0 0 0 0 1 0 0 0 0]
[29969058403140057253341703562062 0 0 0 0 0 0 0 0 0 0 0 0 0 0 0 0 0 0 0 0 0 0 0 0 0 0 0 0 0 0 1 0 0 0]
[13601649208177822056104959119204 0 0 0 0 0 0 0 0 0 0 0 0 0 0 0 0 0 0 0 0 0 0 0 0 0 0 0 0 0 0 0 1 0 0]
[1883591364050842021833254288200 0 0 0 0 0 0 0 0 0 0 0 0 0 0 0 0 0 0 0 0 0 0 0 0 0 0 0 0 0 0 0 0 1 0]
[23768698708416076149644311729779 0 0 0 0 0 0 0 0 0 0 0 0 0 0 0 0 0 0 0 0 0 0 0 0 0 0 0 0 0 0 0 0 0 1]
]
Lattice reduced by BKZ arbitry lenght precision, delta: 0.999999
Lattice reduced by BKZ block-size: 40
Calculation demand : 15 second
Seed is : 11
[[0 0 1 2 -2 3 -2 -1 -1 1 2 0 0 1 -3 1 3 2 3 1 0 -1 -2 -4 0 -2 1 0 2 -1 0 -1 1 7 -3]
[1 0 0 0 3 1 0 2 -4 0 -3 1 -4 -1 1 -2 -2 1 1 1 2 0 -1 3 2 -2 4 -5 -3 0 0 0 2 -3 2]
[-1 3 3 -3 2 1 -2 -3 1 0 4 -1 4 0 -5 -1 1 -1 -1 3 -1 -2 -2 -4 -4 2 0 1 -1 1 0 0 2 1 0]
[-2 -1 -2 1 2 0 2 3 1 -3 0 -1 -4 -4 4 -1 -3 0 0 -1 1 2 2 0 6 -2 0 2 3 0 -4 2 0 -3 3]
[2 -3 -1 1 -1 2 2 2 5 -2 0 -1 2 -1 5 -1 0 1 -2 1 -2 1 0 -2 3 -2 -5 -2 2 -1 -3 -2 2 1 0]
[-2 1 -1 -2 4 -1 -2 -1 -3 1 1 1 -2 -1 2 1 -1 -1 4 2 -2 2 3 -4 2 1 1 -1 3 1 -2 3 -4 -1 3]
[-4 -4 3 -1 -4 -2 4 1 5 0 -1 0 2 1 0 -3 2 1 0 -2 1 0 -3 -2 -3 -4 -1 0 2 0 -1 -1 1 3 -2]
[-2 2 1 3 -2 2 2 0 2 1 -1 -2 1 1 0 -3 3 0 3 -1 1 2 0 1 5 -3 -1 -2 3 2 -3 3 1 -1 -3]
[4 0 1 0 0 1 0 -4 5 1 2 -2 -2 -1 1 -3 -4 -1 -1 1 -5 2 0 -3 -1 1 -1 2 3 -1 -1 -3 0 3 1]
[3 -2 -3 0 0 1 1 -3 3 2 0 0 -2 1 0 -4 -1 1 -4 2 1 -3 -4 1 -3 0 -3 2 2 1 1 -6 4 2 -2]
[0 0 -2 -2 3 3 -4 -2 -4 -1 4 1 3 -4 -1 1 0 3 -3 0 2 -3 0 -6 -2 1 0 5 2 2 4 3 0 3 0]
[-4 0 -1 -1 5 -2 3 0 0 0 2 -2 2 0 -2 -2 3 0 3 4 -4 0 -3 0 0 0 -1 0 2 2 -5 0 -4 1 2]
[0 1 4 0 5 0 -1 -5 -1 3 2 -1 -3 4 0 -2 3 -2 4 4 1 1 0 -4 1 -3 3 -1 2 2 -3 -5 2 -2 1]
[-1 2 3 0 -1 -3 1 -2 2 5 -1 -2 -1 2 0 -1 5 2 3 1 -5 2 0 0 -1 0 4 4 2 5 0 -2 -4 -1 -4]
[2 0 4 -3 0 2 -2 -2 1 -2 -1 1 -1 -1 5 3 -1 -2 0 1 -3 0 -3 -8 1 1 3 0 1 1 -4 -3 1 -1 1]
[2 -1 3 2 -3 -3 -3 -4 2 1 -1 -1 -3 4 -3 -1 3 -1 0 -4 4 -2 3 3 -5 -1 -1 2 2 -1 2 -2 3 2 3]
[1 1 -2 -6 -4 -3 0 -6 5 2 0 0 -2 1 1 -2 1 1 2 -1 -2 1 -2 -3 -4 1 -5 -2 2 3 0 -1 1 0 2]
[4 -3 -1 1 -4 -3 0 -1 4 -5 2 0 3 -2 0 -1 0 0 -2 -3 -3 4 -2 2 4 0 -3 2 1 0 -1 0 0 3 3]
[-2 0 0 0 -1 0 1 4 6 0 -4 -2 -2 -4 -2 -1 0 -1 0 2 0 -1 -1 5 4 -1 -1 1 7 -1 -2 1 -1 -2 0]
[-3 -3 0 -2 2 2 2 1 -1 0 -1 4 -1 3 -1 -3 -1 3 1 1 7 -3 -3 1 -1 -3 4 2 1 -5 3 -2 -2 1 -2]
[-1 -1 2 0 2 0 0 -3 -3 4 2 1 0 1 1 -3 8 1 -1 2 0 1 -1 -1 0 0 2 -5 2 6 -4 2 1 3 1]
[1 -4 -5 3 0 -1 2 -2 1 4 5 -1 -1 -4 1 2 -2 0 1 -1 0 1 0 3 -1 1 -3 6 3 0 0 1 0 7 2]
[2 -1 -6 -2 2 1 -2 0 5 -3 3 -2 4 -4 3 0 -2 1 -3 2 2 1 -2 -4 -1 1 -2 7 -4 1 -1 -2 3 -3 1]
[1 -1 -3 -3 2 3 -4 0 0 -3 1 0 -3 -3 0 -3 -2 -1 -4 6 1 -3 6 -4 -1 -1 2 -2 1 -2 0 3 2 3 2]
[0 1 -5 3 0 2 -2 -1 0 4 0 1 0 -5 -3 -1 -3 4 2 -1 0 3 -3 2 6 -2 -1 0 -2 4 -2 0 3 1 -3]
[4 0 -1 -3 6 3 -2 -3 2 1 -2 1 -3 -1 3 -3 -2 -3 -5 2 -2 -1 1 -2 2 2 0 -2 0 -3 -2 4 -1 -1 0]
[2 -4 -5 1 3 -1 -3 2 -1 0 4 -3 0 -1 1 2 4 1 -3 -4 -1 -1 2 -3 1 -5 -6 2 0 0 -1 -1 -3 3 5]
[1 -2 5 -3 -3 1 2 -1 5 1 -1 0 5 3 0 -1 5 2 1 -1 -2 1 0 2 1 -2 -6 -1 -3 1 3 4 -1 4 1]
[5 0 -1 3 1 0 -1 -4 0 3 0 5 -4 3 -2 1 1 2 5 -3 1 2 3 2 0 -1 1 -6 2 0 2 -4 3 3 1]
[1 -3 -1 0 2 -3 -1 -1 -1 -2 1 -2 1 -1 -3 -1 3 2 -4 2 2 -3 0 -3 -2 0 0 -9 -3 0 0 4 2 1 2]
[-2 3 0 1 6 5 -1 -2 -4 1 -2 -4 1 -2 -2 1 -1 1 0 2 5 4 0 -1 3 -5 -3 -3 1 0 0 -1 0 2 -2]
[4 2 -1 0 4 1 -2 -4 -2 1 2 -3 0 0 -2 1 -1 4 -2 4 -4 2 -3 -6 -1 -2 2 0 2 3 -6 -5 -1 1 4]
[-1 1 1 2 2 0 0 0 1 2 -2 0 0 6 -2 -5 -3 0 -2 5 -5 -2 -5 7 1 4 3 1 -3 4 0 -2 3 -6 1]
[-1 -1 4 2 -6 1 -4 1 3 -3 -3 6 0 -1 -2 3 1 0 4 -3 2 -1 -1 5 -2 -1 1 1 -1 -2 2 0 -1 2 -3]
[2 4 0 1 4 -1 -2 -2 -1 0 2 1 4 2 1 2 2 2 -4 2 -5 -1 3 -3 -2 -2 -1 -1 0 -5 2 -2 0 4 2]
]


Lattice Vector's Index with minimal norm found : 0

Lattice Vector's  norm  : 12.40967365

The Shortest Vector in the Lattice have coordinate: [0 0 1 2 -2 3 -2 -1 -1 1 2 0 0 1 -3 1 3 2 3 1 0 -1 -2 -4 0 -2 1 0 2 -1 0 -1 1 7 -3]

