[[1624159594025211935272368012549554090238141857201341437455328373825827257 0 0 0 0 0 0 0 0 0 0 0 0 0 0 0 0 0 0 0 0 0 0 0]
[262985539826912358554634596533923006230120185818897983668928165019013684 1 0 0 0 0 0 0 0 0 0 0 0 0 0 0 0 0 0 0 0 0 0 0]
[1236523234147346029167786512968594743534755148852235954888141666473686309 0 1 0 0 0 0 0 0 0 0 0 0 0 0 0 0 0 0 0 0 0 0 0]
[499005995958424368438949892389730673851868146159792181757586808178881765 0 0 1 0 0 0 0 0 0 0 0 0 0 0 0 0 0 0 0 0 0 0 0]
[1238267544291722910319974644377267453532246607249008421134700656684135577 0 0 0 1 0 0 0 0 0 0 0 0 0 0 0 0 0 0 0 0 0 0 0]
[21032175912523898966541402198575105369739231439585499983065664909928448 0 0 0 0 1 0 0 0 0 0 0 0 0 0 0 0 0 0 0 0 0 0 0]
[448413398667142120699105274509977572293225644686376320083921917786272664 0 0 0 0 0 1 0 0 0 0 0 0 0 0 0 0 0 0 0 0 0 0 0]
[1125003004468875801067637167876754430116258244087529419264022583684336092 0 0 0 0 0 0 1 0 0 0 0 0 0 0 0 0 0 0 0 0 0 0 0]
[675958103605143206684103989031919345470194438932099315351845417832344271 0 0 0 0 0 0 0 1 0 0 0 0 0 0 0 0 0 0 0 0 0 0 0]
[1300110381819566535965960253868395844622587363976359579510581689132462265 0 0 0 0 0 0 0 0 1 0 0 0 0 0 0 0 0 0 0 0 0 0 0]
[1114204888612667318607624807675195625396866419448396578637475181039103354 0 0 0 0 0 0 0 0 0 1 0 0 0 0 0 0 0 0 0 0 0 0 0]
[515457644938469303680673045762946432578380785565519139463164904466325362 0 0 0 0 0 0 0 0 0 0 1 0 0 0 0 0 0 0 0 0 0 0 0]
[402917441446565910114093695306447603329158432027232830841281111750887065 0 0 0 0 0 0 0 0 0 0 0 1 0 0 0 0 0 0 0 0 0 0 0]
[178694342889607878072668366470952076559198366585768856553239440098581939 0 0 0 0 0 0 0 0 0 0 0 0 1 0 0 0 0 0 0 0 0 0 0]
[1036587599750443005532174336165092472961086201473187661252733220701268213 0 0 0 0 0 0 0 0 0 0 0 0 0 1 0 0 0 0 0 0 0 0 0]
[743276788986112188402179202323609248179882481511826130696914777975759354 0 0 0 0 0 0 0 0 0 0 0 0 0 0 1 0 0 0 0 0 0 0 0]
[88957463536430896925393513177369616540223110406311413336929982688852334 0 0 0 0 0 0 0 0 0 0 0 0 0 0 0 1 0 0 0 0 0 0 0]
[1407947510102979939339244832979816827658939877560426863296171786587744285 0 0 0 0 0 0 0 0 0 0 0 0 0 0 0 0 1 0 0 0 0 0 0]
[316573940780216416481319214861976368671927782341414947000755744833497092 0 0 0 0 0 0 0 0 0 0 0 0 0 0 0 0 0 1 0 0 0 0 0]
[897433157912628707165306702558840126952568536073409200960072270706000006 0 0 0 0 0 0 0 0 0 0 0 0 0 0 0 0 0 0 1 0 0 0 0]
[1245711220950287276727880603158051749932453203429500344975800416432466016 0 0 0 0 0 0 0 0 0 0 0 0 0 0 0 0 0 0 0 1 0 0 0]
[760405315915849180588678669132184096161507902050853400856862653747672692 0 0 0 0 0 0 0 0 0 0 0 0 0 0 0 0 0 0 0 0 1 0 0]
[1004062895340256414230131820262950191418249066779262810794488289324480801 0 0 0 0 0 0 0 0 0 0 0 0 0 0 0 0 0 0 0 0 0 1 0]
[1040156495953076867481299314322614334270628318751552725185491901651778492 0 0 0 0 0 0 0 0 0 0 0 0 0 0 0 0 0 0 0 0 0 0 1]
]
Lattice reduced by BKZ extended exponent doubles precision, delta 1
Lattice reduced by BKZ block-size: 11
Calculation demand : 0 second
Seed is : 7
Index is : 56
[[-22 -117 102 296 -183 -87 -689 -270 171 -309 -216 -3 -307 42 96 -60 -136 -13 -126 -20 -352 88 447 303]
[443 -29 30 80 45 -46 -351 -363 307 -42 -96 60 -329 -75 198 236 124 -129 -785 -210 -136 -267 -120 -63]
[-117 102 296 -205 -87 -689 -270 193 -309 -216 -3 -329 42 96 -60 -114 -13 -126 -20 -374 88 447 303 22]
[-102 -296 205 204 689 270 -193 192 216 3 329 75 -96 60 114 -104 126 20 374 29 -447 -303 -22 -117]
[-84 267 -263 -637 -298 284 113 -306 -610 20 -21 42 266 -368 -169 -266 155 -121 627 -26 166 153 -30 -159]
[-63 -443 29 -30 -17 -45 46 351 300 -307 42 96 3 329 75 -198 -299 -124 129 785 273 136 267 120]
[-120 -63 -443 29 90 -17 -45 46 231 300 -307 42 216 3 329 75 -318 -299 -124 129 905 273 136 267]
[238 -233 -557 106 238 -238 -669 -662 -22 -117 102 296 -443 29 -30 -80 -250 -158 -236 389 -114 -150 -222 -359]
[-29 30 80 488 -46 -351 -363 -136 -42 -96 60 114 -75 198 236 -319 -129 -785 -210 307 -267 -120 -63 -443]
[-67 560 -333 -296 223 -21 -344 -276 -525 4 -160 -29 -17 590 -13 63 221 185 403 -231 -280 11 -289 72]
[-28 -353 693 450 -431 -477 -344 39 212 177 98 -441 143 -134 148 -172 216 -207 -160 -475 -172 -339 -257 58]
[-30 -159 84 -267 293 796 298 -284 -143 147 610 -20 51 117 -266 368 139 107 -155 121 -597 185 -166 -153]
[-347 -707 -116 117 -362 -286 117 -7 -469 190 743 98 165 237 40 -425 171 -415 197 -155 214 86 99 -268]
[501 404 -175 -445 125 68 -143 -415 -1 -159 -80 397 -274 295 -269 308 -877 -132 -318 -31 -84 9 -306 -92]
[-353 693 450 -459 -477 -344 39 240 177 98 -441 115 -134 148 -172 244 -207 -160 -475 -200 -339 -257 58 28]
[-560 333 296 -156 21 344 276 458 -4 160 29 84 -590 13 -63 -288 -185 -403 231 347 -11 289 -72 -67]
[-90 81 -550 -738 -180 556 -30 -18 113 27 -77 208 670 -379 41 234 -260 195 361 311 -199 667 -210 443]
[-185 166 153 -30 26 -82 -420 293 611 464 -131 -143 332 444 -173 51 -68 -100 521 139 292 -321 -32 -597]
[72 67 -560 333 224 -223 21 344 348 525 -4 160 -43 17 -590 13 9 -221 -185 -403 159 280 -11 289]
[289 -72 -67 560 -622 -224 223 -21 -55 -348 -525 4 -449 43 -17 590 276 -9 221 185 114 -159 -280 11]
[-81 630 466 -79 114 -592 -156 -86 -171 -126 -614 726 171 -120 92 -4 355 71 -438 372 -63 345 -176 -573]
[-222 277 -18 -399 353 -519 517 -467 457 -231 417 -547 -413 -566 115 -143 -40 77 -424 -75 254 305 -211 58]
[-557 146 26 -325 243 -216 314 563 436 -923 245 -245 114 98 -101 -259 -174 261 81 -17 162 -274 -560 -129]
[-54 -516 472 99 55 77 -258 -421 -112 307 -925 -13 -290 -196 -189 -80 -175 -11 372 -174 -768 -463 -322 -380]
]


Lattice Vector's Index with minimal norm found : 0

Lattice Vector's  norm  : 1199.706214

The Shortest Vector in the Lattice have coordinate: [-22 -117 102 296 -183 -87 -689 -270 171 -309 -216 -3 -307 42 96 -60 -136 -13 -126 -20 -352 88 447 303]

