[[4687213313685550148750944806844054808557753885566869775717541273472722138553524572931318086178215221777880001880357538330153851011220822424297401077503180043574850421191535385494502354858852565555234050223280799407986112959080550394478244743493599 0 0 0 0 0 0 0 0 0 0 0 0 0 0 0 0 0 0 0 0 0 0 0 0 0 0 0 0 0 0 0 0 0 0 0 0 0 0 0 0 0 0 0 0 0 0 0 0 0 0 0 0 0 0 0 0 0 0 0 0 0 0 0 0 0 0 0 0 0 0 0 0 0 0 0 0 0 0 0 0 0]
[2615686750703211688934247015308369931934476556495341927100995144653477627842383324498396108362147976497167236689462055678261758018406345447518182212837401547151275704407779968008522558255507568662476618827075170905994746211527583444572667195297079 1 0 0 0 0 0 0 0 0 0 0 0 0 0 0 0 0 0 0 0 0 0 0 0 0 0 0 0 0 0 0 0 0 0 0 0 0 0 0 0 0 0 0 0 0 0 0 0 0 0 0 0 0 0 0 0 0 0 0 0 0 0 0 0 0 0 0 0 0 0 0 0 0 0 0 0 0 0 0 0 0]
[4156333846204968684557923711232230688012601342200071003458909765610693612228824841195386387102756387491814047110508833776876194636793333529550518805908799944099978617204494106549256234818484337942208893388156030717918293795761040525532189788112983 0 1 0 0 0 0 0 0 0 0 0 0 0 0 0 0 0 0 0 0 0 0 0 0 0 0 0 0 0 0 0 0 0 0 0 0 0 0 0 0 0 0 0 0 0 0 0 0 0 0 0 0 0 0 0 0 0 0 0 0 0 0 0 0 0 0 0 0 0 0 0 0 0 0 0 0 0 0 0 0 0]
[4207057272695637884214555049822242780882375390477864832020053043529998759276711226593599787556629280516716965899295750739456041574769323921974445930016002913279079680167650158841380553966913436321124803656633380547638090488454579703072266317229467 0 0 1 0 0 0 0 0 0 0 0 0 0 0 0 0 0 0 0 0 0 0 0 0 0 0 0 0 0 0 0 0 0 0 0 0 0 0 0 0 0 0 0 0 0 0 0 0 0 0 0 0 0 0 0 0 0 0 0 0 0 0 0 0 0 0 0 0 0 0 0 0 0 0 0 0 0 0 0 0 0]
[629569791554924497267930885891951578835590730262518623148944898441573832870912475503793036229495239780895863543249819432927823918598726821940943831849787915522693523903791802044754206587862906990773708551749300156979884453817897870804702875073204 0 0 0 1 0 0 0 0 0 0 0 0 0 0 0 0 0 0 0 0 0 0 0 0 0 0 0 0 0 0 0 0 0 0 0 0 0 0 0 0 0 0 0 0 0 0 0 0 0 0 0 0 0 0 0 0 0 0 0 0 0 0 0 0 0 0 0 0 0 0 0 0 0 0 0 0 0 0 0 0 0]
[1809984285391045519565545173147990951742386191681739146210179254022032912053925596977300390931511745940371442897493712531030451599535947748251709547665676812731699987772320394706966388375058852288791715844464232996977602142109712960587448700756163 0 0 0 0 1 0 0 0 0 0 0 0 0 0 0 0 0 0 0 0 0 0 0 0 0 0 0 0 0 0 0 0 0 0 0 0 0 0 0 0 0 0 0 0 0 0 0 0 0 0 0 0 0 0 0 0 0 0 0 0 0 0 0 0 0 0 0 0 0 0 0 0 0 0 0 0 0 0 0 0 0]
[2886605878210298270469801751019000526895754021381918472582592989243841127539309149381912518273884700129265688972111980523643468581231494301593871949001708093590597507080462786358346503731341695345886711245886481186599373916927982457038230895662447 0 0 0 0 0 1 0 0 0 0 0 0 0 0 0 0 0 0 0 0 0 0 0 0 0 0 0 0 0 0 0 0 0 0 0 0 0 0 0 0 0 0 0 0 0 0 0 0 0 0 0 0 0 0 0 0 0 0 0 0 0 0 0 0 0 0 0 0 0 0 0 0 0 0 0 0 0 0 0 0 0]
[763552080381282091345186564321884309849966109588669918830742043236543396102111915357931290372138215690110779081935941799858238532332069931856059921396982597996392697108349848152599129822327526576822405086816964995324315773124615693916921284531015 0 0 0 0 0 0 1 0 0 0 0 0 0 0 0 0 0 0 0 0 0 0 0 0 0 0 0 0 0 0 0 0 0 0 0 0 0 0 0 0 0 0 0 0 0 0 0 0 0 0 0 0 0 0 0 0 0 0 0 0 0 0 0 0 0 0 0 0 0 0 0 0 0 0 0 0 0 0 0 0 0]
[4264321460931594522204311465669560997843422465806563262405278810294377448453898997570851144660400737861300337828221340445131325932756771041294830556092579616196441586826246553148970081166676063647287140461568339431365094594286945639194910561727136 0 0 0 0 0 0 0 1 0 0 0 0 0 0 0 0 0 0 0 0 0 0 0 0 0 0 0 0 0 0 0 0 0 0 0 0 0 0 0 0 0 0 0 0 0 0 0 0 0 0 0 0 0 0 0 0 0 0 0 0 0 0 0 0 0 0 0 0 0 0 0 0 0 0 0 0 0 0 0 0 0]
[248185535652563464964178976495862412511992393608508730673136095502447835495863566189947597913443331149083893477604907818013618394364001724529921801007499311888828192148890528264280930165404489812944475398114950106895399227556838745972101258055179 0 0 0 0 0 0 0 0 1 0 0 0 0 0 0 0 0 0 0 0 0 0 0 0 0 0 0 0 0 0 0 0 0 0 0 0 0 0 0 0 0 0 0 0 0 0 0 0 0 0 0 0 0 0 0 0 0 0 0 0 0 0 0 0 0 0 0 0 0 0 0 0 0 0 0 0 0 0 0 0 0]
[787407610889710241501808756902611262813779700821130729597354671173081414809765081417162388122003137245877069461329794009015354927303701956432595069946794615069438356549091871550115553829963981439413118942385518079506324490113581917895874942760579 0 0 0 0 0 0 0 0 0 1 0 0 0 0 0 0 0 0 0 0 0 0 0 0 0 0 0 0 0 0 0 0 0 0 0 0 0 0 0 0 0 0 0 0 0 0 0 0 0 0 0 0 0 0 0 0 0 0 0 0 0 0 0 0 0 0 0 0 0 0 0 0 0 0 0 0 0 0 0 0 0]
[3181137129369703807707104140309310199801915823082603241467286767156682831930718495844674971548459888421165256562105989765127666462785985015792806526957635981733103106707231787062399879637162622526911934531570096707702987166420578783364197473653089 0 0 0 0 0 0 0 0 0 0 1 0 0 0 0 0 0 0 0 0 0 0 0 0 0 0 0 0 0 0 0 0 0 0 0 0 0 0 0 0 0 0 0 0 0 0 0 0 0 0 0 0 0 0 0 0 0 0 0 0 0 0 0 0 0 0 0 0 0 0 0 0 0 0 0 0 0 0 0 0 0]
[1236994254967281457833038200437032881917001126125766990028020787539356481611567252090829655816786537430091098129565908686908317927796116003041101283694584957679814649141480515820467480463464910080476621854028685914544166300343493915418911719570297 0 0 0 0 0 0 0 0 0 0 0 1 0 0 0 0 0 0 0 0 0 0 0 0 0 0 0 0 0 0 0 0 0 0 0 0 0 0 0 0 0 0 0 0 0 0 0 0 0 0 0 0 0 0 0 0 0 0 0 0 0 0 0 0 0 0 0 0 0 0 0 0 0 0 0 0 0 0 0 0 0]
[89451721526105349517061544723197963874400347719942891001514034758095488417980107400590826298628736335337776703799714614204851140299309490859047052866442473901941606835020810200516273925772161678585158538863012592796289709356200996450544069376434 0 0 0 0 0 0 0 0 0 0 0 0 1 0 0 0 0 0 0 0 0 0 0 0 0 0 0 0 0 0 0 0 0 0 0 0 0 0 0 0 0 0 0 0 0 0 0 0 0 0 0 0 0 0 0 0 0 0 0 0 0 0 0 0 0 0 0 0 0 0 0 0 0 0 0 0 0 0 0 0 0]
[3074008276293436602728898265066350519988879468171443004928242752782898536794571056371054636773811482703711265653578802440668235110854443892881832464755237379152078470823762083217901836971829868166680943189441981779446473596087155586448463210570019 0 0 0 0 0 0 0 0 0 0 0 0 0 1 0 0 0 0 0 0 0 0 0 0 0 0 0 0 0 0 0 0 0 0 0 0 0 0 0 0 0 0 0 0 0 0 0 0 0 0 0 0 0 0 0 0 0 0 0 0 0 0 0 0 0 0 0 0 0 0 0 0 0 0 0 0 0 0 0 0 0]
[2113475238125439063727748626098964984734828937340773987948274342500460848312298570636126467922057205929951841356321136076893536516794061951757144886392089039985917161222962602857863434491599854876617687233689360644142281259596369264381031251483876 0 0 0 0 0 0 0 0 0 0 0 0 0 0 1 0 0 0 0 0 0 0 0 0 0 0 0 0 0 0 0 0 0 0 0 0 0 0 0 0 0 0 0 0 0 0 0 0 0 0 0 0 0 0 0 0 0 0 0 0 0 0 0 0 0 0 0 0 0 0 0 0 0 0 0 0 0 0 0 0 0]
[2966706456759632631211131803309938577413088795412363362035162576065568937094100621623625000019254205090106348603098443060568675731288651002966384155112034479371675165636409186368980197139145944633192736127391425368131070036117438330070499894079409 0 0 0 0 0 0 0 0 0 0 0 0 0 0 0 1 0 0 0 0 0 0 0 0 0 0 0 0 0 0 0 0 0 0 0 0 0 0 0 0 0 0 0 0 0 0 0 0 0 0 0 0 0 0 0 0 0 0 0 0 0 0 0 0 0 0 0 0 0 0 0 0 0 0 0 0 0 0 0 0 0]
[4318766811786943783563079259707715499823833060855945472615709373074494758037403531060675273810831473968511823619397167297057771080024099470023867161588886046113783670230140401155267102312854746228408234449523686567056020644789000822721341404114603 0 0 0 0 0 0 0 0 0 0 0 0 0 0 0 0 1 0 0 0 0 0 0 0 0 0 0 0 0 0 0 0 0 0 0 0 0 0 0 0 0 0 0 0 0 0 0 0 0 0 0 0 0 0 0 0 0 0 0 0 0 0 0 0 0 0 0 0 0 0 0 0 0 0 0 0 0 0 0 0 0]
[4083372705495730452351741810044219274765378834477518194526239415970723519798859784649041938669933637841804246069090076036787072972050464508416131474006728572543859081981129915184474555710900324339119641239520228918920402786557602480574997741974555 0 0 0 0 0 0 0 0 0 0 0 0 0 0 0 0 0 1 0 0 0 0 0 0 0 0 0 0 0 0 0 0 0 0 0 0 0 0 0 0 0 0 0 0 0 0 0 0 0 0 0 0 0 0 0 0 0 0 0 0 0 0 0 0 0 0 0 0 0 0 0 0 0 0 0 0 0 0 0 0 0]
[4623442254656643502584477540179575805844357943184292303871460898985437851050098793286387651248941422800281615856172314327253185141610235673971470106531925863017487680574944389475556460473385461719705165167973100255945368792119998453988687182142676 0 0 0 0 0 0 0 0 0 0 0 0 0 0 0 0 0 0 1 0 0 0 0 0 0 0 0 0 0 0 0 0 0 0 0 0 0 0 0 0 0 0 0 0 0 0 0 0 0 0 0 0 0 0 0 0 0 0 0 0 0 0 0 0 0 0 0 0 0 0 0 0 0 0 0 0 0 0 0 0 0]
[4479575836524205563284076327931609435399113282832760221771264116677830601705043827927205727389914891374386508322500533867021397873822114065096293321664686547927007691680655350860121657685233202736496134519432143352638586421321996495171243820912071 0 0 0 0 0 0 0 0 0 0 0 0 0 0 0 0 0 0 0 1 0 0 0 0 0 0 0 0 0 0 0 0 0 0 0 0 0 0 0 0 0 0 0 0 0 0 0 0 0 0 0 0 0 0 0 0 0 0 0 0 0 0 0 0 0 0 0 0 0 0 0 0 0 0 0 0 0 0 0 0 0]
[749895269452993108002461722298371701827116583951175555198188941554159778717878379020969382262446289080684178588158805843269504877765301009447606159573780203022921344501008218519122947434620988953112977579456142269132916828344322786580397773408379 0 0 0 0 0 0 0 0 0 0 0 0 0 0 0 0 0 0 0 0 1 0 0 0 0 0 0 0 0 0 0 0 0 0 0 0 0 0 0 0 0 0 0 0 0 0 0 0 0 0 0 0 0 0 0 0 0 0 0 0 0 0 0 0 0 0 0 0 0 0 0 0 0 0 0 0 0 0 0 0 0]
[50302306224245835488881847498679261159226131439145191252472868762043434339323901959220193782210893715490349018065466127820540006140046465679507695420422314073596181758146691824891865259132208282793401734537048749447073364672153419956174233094358 0 0 0 0 0 0 0 0 0 0 0 0 0 0 0 0 0 0 0 0 0 1 0 0 0 0 0 0 0 0 0 0 0 0 0 0 0 0 0 0 0 0 0 0 0 0 0 0 0 0 0 0 0 0 0 0 0 0 0 0 0 0 0 0 0 0 0 0 0 0 0 0 0 0 0 0 0 0 0 0 0]
[1635090517984749664711106307535924552736068834718457537033858429811238868635213984955990973472434396088338344576687313151378845921710931895023511880249045894387679850901192990646001032488468918084622242474571841965326841872193051230228029024643626 0 0 0 0 0 0 0 0 0 0 0 0 0 0 0 0 0 0 0 0 0 0 1 0 0 0 0 0 0 0 0 0 0 0 0 0 0 0 0 0 0 0 0 0 0 0 0 0 0 0 0 0 0 0 0 0 0 0 0 0 0 0 0 0 0 0 0 0 0 0 0 0 0 0 0 0 0 0 0 0 0]
[1135397019905560219252463408388021200376760708250852510006248034453752890519098896533442649098148401294270599524215963955072000512501343882012503721264727492682709174317989251580220328470774819466182206523607528160533771032547954883327952211051573 0 0 0 0 0 0 0 0 0 0 0 0 0 0 0 0 0 0 0 0 0 0 0 1 0 0 0 0 0 0 0 0 0 0 0 0 0 0 0 0 0 0 0 0 0 0 0 0 0 0 0 0 0 0 0 0 0 0 0 0 0 0 0 0 0 0 0 0 0 0 0 0 0 0 0 0 0 0 0 0 0]
[3794384829069449102543438620696145587078804446530295907175162073097574066992236373094356281681124873957740754295015999875191638726306694856393212373392216742961799725040373597635934433962097190332959350434541465284254304366222972504045156084072366 0 0 0 0 0 0 0 0 0 0 0 0 0 0 0 0 0 0 0 0 0 0 0 0 1 0 0 0 0 0 0 0 0 0 0 0 0 0 0 0 0 0 0 0 0 0 0 0 0 0 0 0 0 0 0 0 0 0 0 0 0 0 0 0 0 0 0 0 0 0 0 0 0 0 0 0 0 0 0 0 0]
[1270936349134747447022166082172389469636818333422030251173014300080747136655229020987319010341766613077302512121692483639931701929941677977559377067280902268159496208722193825086289607380708399325739766294747526904639169896155409375438646380316278 0 0 0 0 0 0 0 0 0 0 0 0 0 0 0 0 0 0 0 0 0 0 0 0 0 1 0 0 0 0 0 0 0 0 0 0 0 0 0 0 0 0 0 0 0 0 0 0 0 0 0 0 0 0 0 0 0 0 0 0 0 0 0 0 0 0 0 0 0 0 0 0 0 0 0 0 0 0 0 0 0]
[3033796373608980897714745765930017886113306340803461012125833212680201322706909723323849302400723883426888747962413410227895536775293562399330272554108867088372791961916330835750760356258190945557520923633249531302993810419328252629167613078680861 0 0 0 0 0 0 0 0 0 0 0 0 0 0 0 0 0 0 0 0 0 0 0 0 0 0 1 0 0 0 0 0 0 0 0 0 0 0 0 0 0 0 0 0 0 0 0 0 0 0 0 0 0 0 0 0 0 0 0 0 0 0 0 0 0 0 0 0 0 0 0 0 0 0 0 0 0 0 0 0 0]
[136881316367306302785107023148541679370179274903151825806881326084791571144328770798716533980757311837860546374457810402177030237945237776217127054193164237563038364716262430138411974816938314748002078646756890178982018995763499735948207604573158 0 0 0 0 0 0 0 0 0 0 0 0 0 0 0 0 0 0 0 0 0 0 0 0 0 0 0 1 0 0 0 0 0 0 0 0 0 0 0 0 0 0 0 0 0 0 0 0 0 0 0 0 0 0 0 0 0 0 0 0 0 0 0 0 0 0 0 0 0 0 0 0 0 0 0 0 0 0 0 0 0]
[3594389803035499555157464188943519344520802873982201390805272277315017314495098675005260809109731255415809913808652592143668332051717254228355665306959428855589579372798002447599011442001991440283775065169225819040118995594799342710655576442923347 0 0 0 0 0 0 0 0 0 0 0 0 0 0 0 0 0 0 0 0 0 0 0 0 0 0 0 0 1 0 0 0 0 0 0 0 0 0 0 0 0 0 0 0 0 0 0 0 0 0 0 0 0 0 0 0 0 0 0 0 0 0 0 0 0 0 0 0 0 0 0 0 0 0 0 0 0 0 0 0 0]
[4196474096842787593171997350344393733824658867482913268013391952078947360324786705719666131228957447163385717136390211276124269192648227647322163353954909747096645615335246737191031704726449228183351409190788264050056470963993097223190890309939 0 0 0 0 0 0 0 0 0 0 0 0 0 0 0 0 0 0 0 0 0 0 0 0 0 0 0 0 0 1 0 0 0 0 0 0 0 0 0 0 0 0 0 0 0 0 0 0 0 0 0 0 0 0 0 0 0 0 0 0 0 0 0 0 0 0 0 0 0 0 0 0 0 0 0 0 0 0 0 0 0]
[4267394598171903254162412270891368871264947135439273714404240905448527632850465618072375585083031484026759699545298970344660893145949772637749462813970891406075098937191759575008299175649174864370443574066807566636988479206040035938029014721712058 0 0 0 0 0 0 0 0 0 0 0 0 0 0 0 0 0 0 0 0 0 0 0 0 0 0 0 0 0 0 1 0 0 0 0 0 0 0 0 0 0 0 0 0 0 0 0 0 0 0 0 0 0 0 0 0 0 0 0 0 0 0 0 0 0 0 0 0 0 0 0 0 0 0 0 0 0 0 0 0 0]
[1046993837497515169193726693009697141402963204023125392108287227339596480425339825488516345643474791259143415517836709208682489270792294189052645778262698457004332155924323829502521052990839603645028651663262307434527941132540494847273483027955169 0 0 0 0 0 0 0 0 0 0 0 0 0 0 0 0 0 0 0 0 0 0 0 0 0 0 0 0 0 0 0 1 0 0 0 0 0 0 0 0 0 0 0 0 0 0 0 0 0 0 0 0 0 0 0 0 0 0 0 0 0 0 0 0 0 0 0 0 0 0 0 0 0 0 0 0 0 0 0 0 0]
[3669496181654725481711173355272547799107141263107635875705144329287060826970468025774204596486711367082139343374925284865295758753950322851436839114351409891864195728467220946287817567488814318624744552154321213399163116897867013393760596955419440 0 0 0 0 0 0 0 0 0 0 0 0 0 0 0 0 0 0 0 0 0 0 0 0 0 0 0 0 0 0 0 0 1 0 0 0 0 0 0 0 0 0 0 0 0 0 0 0 0 0 0 0 0 0 0 0 0 0 0 0 0 0 0 0 0 0 0 0 0 0 0 0 0 0 0 0 0 0 0 0 0]
[2030444165777839583840817244724492294430523800267584401181785560520700027801100730197603260941604893053075182156049034361886993102749947146218384289518237664684224351098704433550029929954258706604609263246236219499796167770136942204211553800041520 0 0 0 0 0 0 0 0 0 0 0 0 0 0 0 0 0 0 0 0 0 0 0 0 0 0 0 0 0 0 0 0 0 1 0 0 0 0 0 0 0 0 0 0 0 0 0 0 0 0 0 0 0 0 0 0 0 0 0 0 0 0 0 0 0 0 0 0 0 0 0 0 0 0 0 0 0 0 0 0 0]
[2058384654473320930357353525907584003016275984288154754988139391139756191498114387451288128682157116647153039514459960877371014380410153988634726187349480105637811131912701892076984914192820866086471377735095057745265974068478278800090468472619463 0 0 0 0 0 0 0 0 0 0 0 0 0 0 0 0 0 0 0 0 0 0 0 0 0 0 0 0 0 0 0 0 0 0 1 0 0 0 0 0 0 0 0 0 0 0 0 0 0 0 0 0 0 0 0 0 0 0 0 0 0 0 0 0 0 0 0 0 0 0 0 0 0 0 0 0 0 0 0 0 0]
[2662562769147014415346685363815040628188358507465636458006885676903696908684721119357603856413126672589387563029546824025839479959465265315963683378541874881750362210174615027335719564732950160007035100906835379289352462509587587821052008689044198 0 0 0 0 0 0 0 0 0 0 0 0 0 0 0 0 0 0 0 0 0 0 0 0 0 0 0 0 0 0 0 0 0 0 0 1 0 0 0 0 0 0 0 0 0 0 0 0 0 0 0 0 0 0 0 0 0 0 0 0 0 0 0 0 0 0 0 0 0 0 0 0 0 0 0 0 0 0 0 0 0]
[1087110427496358092441188359302634522712160861574783911074059349606484953130533175379626407591594577668630706677275712943385181744557455764541674196227797721216654173817853943368804332845418575546054894079473014077404370160678342352841168603249550 0 0 0 0 0 0 0 0 0 0 0 0 0 0 0 0 0 0 0 0 0 0 0 0 0 0 0 0 0 0 0 0 0 0 0 0 1 0 0 0 0 0 0 0 0 0 0 0 0 0 0 0 0 0 0 0 0 0 0 0 0 0 0 0 0 0 0 0 0 0 0 0 0 0 0 0 0 0 0 0 0]
[2155600190310207173596847784469696186004746048716318828969532598774222018121774410215746391543376385092147011309661260513819618636462665301317547764819065786601710754998528946011714756452964120406817174661047030186526176995765260189719601820919655 0 0 0 0 0 0 0 0 0 0 0 0 0 0 0 0 0 0 0 0 0 0 0 0 0 0 0 0 0 0 0 0 0 0 0 0 0 1 0 0 0 0 0 0 0 0 0 0 0 0 0 0 0 0 0 0 0 0 0 0 0 0 0 0 0 0 0 0 0 0 0 0 0 0 0 0 0 0 0 0 0]
[1951378994304640030935343919357550777447267649290310042612948662326693116790983147150262061577438477247428149236963626937587169600456205092834961283352018204965120419909608630815502808593490955207206967392074479854862262281138038155578514102158373 0 0 0 0 0 0 0 0 0 0 0 0 0 0 0 0 0 0 0 0 0 0 0 0 0 0 0 0 0 0 0 0 0 0 0 0 0 0 1 0 0 0 0 0 0 0 0 0 0 0 0 0 0 0 0 0 0 0 0 0 0 0 0 0 0 0 0 0 0 0 0 0 0 0 0 0 0 0 0 0 0]
[1595434024280010185476620558664828685811050499160020682791226659540282299747650559796398561616342868700109763234409447775053188959797775583153106146124966448489493010547194696522851812433659428405753461613901288440140786521548038073536656044830284 0 0 0 0 0 0 0 0 0 0 0 0 0 0 0 0 0 0 0 0 0 0 0 0 0 0 0 0 0 0 0 0 0 0 0 0 0 0 0 1 0 0 0 0 0 0 0 0 0 0 0 0 0 0 0 0 0 0 0 0 0 0 0 0 0 0 0 0 0 0 0 0 0 0 0 0 0 0 0 0 0]
[3183883430516313133111247479287673632581695013737609119963255550671324804399791038923624334024685603116474724856982991532337344859877551850698491612014488744299574019354692568052405609908312253698701769181075688326568886202071209828770663644769067 0 0 0 0 0 0 0 0 0 0 0 0 0 0 0 0 0 0 0 0 0 0 0 0 0 0 0 0 0 0 0 0 0 0 0 0 0 0 0 0 1 0 0 0 0 0 0 0 0 0 0 0 0 0 0 0 0 0 0 0 0 0 0 0 0 0 0 0 0 0 0 0 0 0 0 0 0 0 0 0 0]
[1371337024703938038765535552400741794908590897159262775836644694952837607313842138874905330016794556374449442550681149155123660068215499498614851771851115619145759015094097553791585757209922527095738330330278059233488564131730428865267540147258385 0 0 0 0 0 0 0 0 0 0 0 0 0 0 0 0 0 0 0 0 0 0 0 0 0 0 0 0 0 0 0 0 0 0 0 0 0 0 0 0 0 1 0 0 0 0 0 0 0 0 0 0 0 0 0 0 0 0 0 0 0 0 0 0 0 0 0 0 0 0 0 0 0 0 0 0 0 0 0 0 0]
[1499975040801884076545443067873900113637149551824363267563298275457859493430817674725872803710770802378647662204219292807395153703485884737671953936790400157971200054438266061243147135673255288423169951109712060466748871741971995719272581519413482 0 0 0 0 0 0 0 0 0 0 0 0 0 0 0 0 0 0 0 0 0 0 0 0 0 0 0 0 0 0 0 0 0 0 0 0 0 0 0 0 0 0 1 0 0 0 0 0 0 0 0 0 0 0 0 0 0 0 0 0 0 0 0 0 0 0 0 0 0 0 0 0 0 0 0 0 0 0 0 0 0]
[2654616423892057650830658923298107149738908709491391359721867614696019925563627326856369181997059222015099141773058098181145899962940130696504596394397325365214887979218377220952538018111306198829285527083790960707609221838070818897407385746151453 0 0 0 0 0 0 0 0 0 0 0 0 0 0 0 0 0 0 0 0 0 0 0 0 0 0 0 0 0 0 0 0 0 0 0 0 0 0 0 0 0 0 0 1 0 0 0 0 0 0 0 0 0 0 0 0 0 0 0 0 0 0 0 0 0 0 0 0 0 0 0 0 0 0 0 0 0 0 0 0 0]
[4491207561149208218057157247410454395262619660341662033032449814370367597015485010391029938559526620886727994598452274865381134689627907407535218692333481222729273095970697084710377861477795447472155428636810292317346008242640545198164216231159820 0 0 0 0 0 0 0 0 0 0 0 0 0 0 0 0 0 0 0 0 0 0 0 0 0 0 0 0 0 0 0 0 0 0 0 0 0 0 0 0 0 0 0 0 1 0 0 0 0 0 0 0 0 0 0 0 0 0 0 0 0 0 0 0 0 0 0 0 0 0 0 0 0 0 0 0 0 0 0 0 0]
[416532730248378745274957179722330062775754278743493500572703543158426503393175493083504406068806590383733441938722184457363821998469011912429172086118833752115909303837839132858998174552705147285665159248726170219739575881307700639788554116828816 0 0 0 0 0 0 0 0 0 0 0 0 0 0 0 0 0 0 0 0 0 0 0 0 0 0 0 0 0 0 0 0 0 0 0 0 0 0 0 0 0 0 0 0 0 1 0 0 0 0 0 0 0 0 0 0 0 0 0 0 0 0 0 0 0 0 0 0 0 0 0 0 0 0 0 0 0 0 0 0 0]
[3172872207822559353240478048845444483796797177717662351764657298679729810588991636039073375287484802622462113017793216674489841740985279046734362685029523283849827854595845589233274406576334096351465220965936234039867896979569102407301848744427404 0 0 0 0 0 0 0 0 0 0 0 0 0 0 0 0 0 0 0 0 0 0 0 0 0 0 0 0 0 0 0 0 0 0 0 0 0 0 0 0 0 0 0 0 0 0 1 0 0 0 0 0 0 0 0 0 0 0 0 0 0 0 0 0 0 0 0 0 0 0 0 0 0 0 0 0 0 0 0 0 0]
[2002108572302428453753978118519317493554891213480504632743898967368065427229416613813590081126114179321594365890677823817028378576063689842025954728393772982636757812463101589398733557221199996262971111496725005760564292389579300799134153232843019 0 0 0 0 0 0 0 0 0 0 0 0 0 0 0 0 0 0 0 0 0 0 0 0 0 0 0 0 0 0 0 0 0 0 0 0 0 0 0 0 0 0 0 0 0 0 0 1 0 0 0 0 0 0 0 0 0 0 0 0 0 0 0 0 0 0 0 0 0 0 0 0 0 0 0 0 0 0 0 0 0]
[82645065684167057256683273830883020731186757438876558570683992243700341739655013166721663428881560527959195204921815636749554550675684255385882580738691500343653976365332708652835879125902368275574076838785911852734738138317076825484747933585955 0 0 0 0 0 0 0 0 0 0 0 0 0 0 0 0 0 0 0 0 0 0 0 0 0 0 0 0 0 0 0 0 0 0 0 0 0 0 0 0 0 0 0 0 0 0 0 0 1 0 0 0 0 0 0 0 0 0 0 0 0 0 0 0 0 0 0 0 0 0 0 0 0 0 0 0 0 0 0 0 0]
[3470110880223744906984198857821044863572009260142501268761799367072337692836009638831936140801980448207370397920641729104085863401360429119173617841552765382862756835029478673533662967844930234341012903137251518148586646233883659257459762743205195 0 0 0 0 0 0 0 0 0 0 0 0 0 0 0 0 0 0 0 0 0 0 0 0 0 0 0 0 0 0 0 0 0 0 0 0 0 0 0 0 0 0 0 0 0 0 0 0 0 1 0 0 0 0 0 0 0 0 0 0 0 0 0 0 0 0 0 0 0 0 0 0 0 0 0 0 0 0 0 0 0]
[2476320752314520828757962369325616185178772184568623961906626070856450000043828995751035983520287067197459696133641516314134438884388873918011267518127105933573725245008720233477484234104540372460370634129416015553134035566956855934775761077174906 0 0 0 0 0 0 0 0 0 0 0 0 0 0 0 0 0 0 0 0 0 0 0 0 0 0 0 0 0 0 0 0 0 0 0 0 0 0 0 0 0 0 0 0 0 0 0 0 0 0 1 0 0 0 0 0 0 0 0 0 0 0 0 0 0 0 0 0 0 0 0 0 0 0 0 0 0 0 0 0 0]
[23642289543379160320243037889913281311743630343509314407589888229736415943397826143805765363693339083777026673627446387737885501767204040628568381571163579610530335708649224386524118614323495617122370278263324625584034956328176951217831358227725 0 0 0 0 0 0 0 0 0 0 0 0 0 0 0 0 0 0 0 0 0 0 0 0 0 0 0 0 0 0 0 0 0 0 0 0 0 0 0 0 0 0 0 0 0 0 0 0 0 0 0 1 0 0 0 0 0 0 0 0 0 0 0 0 0 0 0 0 0 0 0 0 0 0 0 0 0 0 0 0 0]
[4398922829367008575998170375013222439600177878373728295032994320711494007566173733130452962533983235374444080576913606886847567200936381658959644467369697117319196604257890543551733707555168302267263463470226115160868267818679021895108902598950292 0 0 0 0 0 0 0 0 0 0 0 0 0 0 0 0 0 0 0 0 0 0 0 0 0 0 0 0 0 0 0 0 0 0 0 0 0 0 0 0 0 0 0 0 0 0 0 0 0 0 0 0 1 0 0 0 0 0 0 0 0 0 0 0 0 0 0 0 0 0 0 0 0 0 0 0 0 0 0 0 0]
[4095263395580750859491424952983176431953062481985814070550470301767480388866019906628326763487538760022917871602937651969910372086615835239420360274804620711294305139882713992152967132457390286257351790010451102358874854094302345589138987319407547 0 0 0 0 0 0 0 0 0 0 0 0 0 0 0 0 0 0 0 0 0 0 0 0 0 0 0 0 0 0 0 0 0 0 0 0 0 0 0 0 0 0 0 0 0 0 0 0 0 0 0 0 0 1 0 0 0 0 0 0 0 0 0 0 0 0 0 0 0 0 0 0 0 0 0 0 0 0 0 0 0]
[4498137506000884527660075735345059191922479247382266001489661736686114567082111439346203165454546011808238033655917783656939112380547535359575076899762900013879992910954243825624942550705270341745180607300627148001033469769027480526253718045215704 0 0 0 0 0 0 0 0 0 0 0 0 0 0 0 0 0 0 0 0 0 0 0 0 0 0 0 0 0 0 0 0 0 0 0 0 0 0 0 0 0 0 0 0 0 0 0 0 0 0 0 0 0 0 1 0 0 0 0 0 0 0 0 0 0 0 0 0 0 0 0 0 0 0 0 0 0 0 0 0 0]
[3945192508542358021107288917872774777022212421729849782473898549225752411153068604519003571455200633940983233312310876363072840702019459531416433771753009535210625165479155042428714978054295000463572152500297605487057961232134428571777632030089918 0 0 0 0 0 0 0 0 0 0 0 0 0 0 0 0 0 0 0 0 0 0 0 0 0 0 0 0 0 0 0 0 0 0 0 0 0 0 0 0 0 0 0 0 0 0 0 0 0 0 0 0 0 0 0 1 0 0 0 0 0 0 0 0 0 0 0 0 0 0 0 0 0 0 0 0 0 0 0 0 0]
[1999485868152677797284632149386659734698741224865673236250802512332717686225851112585000782394561137589996795656555937949957290168582698032928469977451174820180803033502703772491461128931493721050318503954992095992689461957515389694383981800081546 0 0 0 0 0 0 0 0 0 0 0 0 0 0 0 0 0 0 0 0 0 0 0 0 0 0 0 0 0 0 0 0 0 0 0 0 0 0 0 0 0 0 0 0 0 0 0 0 0 0 0 0 0 0 0 0 1 0 0 0 0 0 0 0 0 0 0 0 0 0 0 0 0 0 0 0 0 0 0 0 0]
[4365031284425112656136858804991803007984977932091332293141235879871096849385965839907086071676034498986697508999244193237908815670527208226023072749908288247160833759260126248743085032908476164440076788483696187127155155272398394914898657704545286 0 0 0 0 0 0 0 0 0 0 0 0 0 0 0 0 0 0 0 0 0 0 0 0 0 0 0 0 0 0 0 0 0 0 0 0 0 0 0 0 0 0 0 0 0 0 0 0 0 0 0 0 0 0 0 0 0 1 0 0 0 0 0 0 0 0 0 0 0 0 0 0 0 0 0 0 0 0 0 0 0]
[3131513854498645961243488384841554528073372077591713308734911824259594446307685294899410487064577721504224287753957298390643367103643080464046124184458846962347100357377004965606476159534888872190772469501839960813031406806206949754667561354595777 0 0 0 0 0 0 0 0 0 0 0 0 0 0 0 0 0 0 0 0 0 0 0 0 0 0 0 0 0 0 0 0 0 0 0 0 0 0 0 0 0 0 0 0 0 0 0 0 0 0 0 0 0 0 0 0 0 0 1 0 0 0 0 0 0 0 0 0 0 0 0 0 0 0 0 0 0 0 0 0 0]
[3025072720326118356311928733261830040527109676918312118698933297655110265979180382424428116126866065214105425665472869944727326695016419084688919853016768078034232950845396363887567184467420762574070393720980435752369754534525672989500584903961710 0 0 0 0 0 0 0 0 0 0 0 0 0 0 0 0 0 0 0 0 0 0 0 0 0 0 0 0 0 0 0 0 0 0 0 0 0 0 0 0 0 0 0 0 0 0 0 0 0 0 0 0 0 0 0 0 0 0 0 1 0 0 0 0 0 0 0 0 0 0 0 0 0 0 0 0 0 0 0 0 0]
[851838568065114721033027694731959378782041073214405418050659325773621202034199687170771614473333174834291272878441351130927559970492642609257300253913249043993057744661088948642170349701092745559344253523099148606635664069662293484298541273781828 0 0 0 0 0 0 0 0 0 0 0 0 0 0 0 0 0 0 0 0 0 0 0 0 0 0 0 0 0 0 0 0 0 0 0 0 0 0 0 0 0 0 0 0 0 0 0 0 0 0 0 0 0 0 0 0 0 0 0 0 1 0 0 0 0 0 0 0 0 0 0 0 0 0 0 0 0 0 0 0 0]
[3634010933496122257082971257638433161709443661439709796739201077809868659282272884979830802185897001452279490300964546679465041847200747997115215705795793246624021980551593716647375028928362942201922119911618466001914385365475190977462713821242294 0 0 0 0 0 0 0 0 0 0 0 0 0 0 0 0 0 0 0 0 0 0 0 0 0 0 0 0 0 0 0 0 0 0 0 0 0 0 0 0 0 0 0 0 0 0 0 0 0 0 0 0 0 0 0 0 0 0 0 0 0 1 0 0 0 0 0 0 0 0 0 0 0 0 0 0 0 0 0 0 0]
[4260034857461607103682309189133641371978602953310438093224385266539986546000943081807810696400681292394587683280362867258321133073909180284113985406998776884226158168700087546825505550305157508382568883852160481230536835691057417991959479759364177 0 0 0 0 0 0 0 0 0 0 0 0 0 0 0 0 0 0 0 0 0 0 0 0 0 0 0 0 0 0 0 0 0 0 0 0 0 0 0 0 0 0 0 0 0 0 0 0 0 0 0 0 0 0 0 0 0 0 0 0 0 0 1 0 0 0 0 0 0 0 0 0 0 0 0 0 0 0 0 0 0]
[1351044638426249091220421103547397200765323464096243690236534151544595050472388602046868299148089523307091660488939655583945259599869865043232430445684241526171069760562635962624812845458792721376949058960675531616255867141041247382423471738230751 0 0 0 0 0 0 0 0 0 0 0 0 0 0 0 0 0 0 0 0 0 0 0 0 0 0 0 0 0 0 0 0 0 0 0 0 0 0 0 0 0 0 0 0 0 0 0 0 0 0 0 0 0 0 0 0 0 0 0 0 0 0 0 1 0 0 0 0 0 0 0 0 0 0 0 0 0 0 0 0 0]
[3620178542120310400862360973206156121175193000924495824107990620036570202537953309138663552168494840414524636367126893551684321462083443089491956573117674004874757535928599632166114823060070048030045649129075830541913090096069614541128119663661297 0 0 0 0 0 0 0 0 0 0 0 0 0 0 0 0 0 0 0 0 0 0 0 0 0 0 0 0 0 0 0 0 0 0 0 0 0 0 0 0 0 0 0 0 0 0 0 0 0 0 0 0 0 0 0 0 0 0 0 0 0 0 0 0 1 0 0 0 0 0 0 0 0 0 0 0 0 0 0 0 0]
[902031528122967850120668623468569464596549579227032857733290780188485203839807148552667834218582736174343063228442691410880168385996674475152287020947097242981831777473071626089438996782191156435492965807318076617167660052238485160316566813394502 0 0 0 0 0 0 0 0 0 0 0 0 0 0 0 0 0 0 0 0 0 0 0 0 0 0 0 0 0 0 0 0 0 0 0 0 0 0 0 0 0 0 0 0 0 0 0 0 0 0 0 0 0 0 0 0 0 0 0 0 0 0 0 0 0 1 0 0 0 0 0 0 0 0 0 0 0 0 0 0 0]
[662452548375416171172789074661145889818079158968970667850176789626673366604498017660420958609542084858481552347656846364786484605179584738490534421594578932337055075482143217643845870905539716435009535948531308002319668617331457863029380326022280 0 0 0 0 0 0 0 0 0 0 0 0 0 0 0 0 0 0 0 0 0 0 0 0 0 0 0 0 0 0 0 0 0 0 0 0 0 0 0 0 0 0 0 0 0 0 0 0 0 0 0 0 0 0 0 0 0 0 0 0 0 0 0 0 0 0 1 0 0 0 0 0 0 0 0 0 0 0 0 0 0]
[70619960105477278888765807662526853894425880575847468164980450424312878045202853201793945789627183875270583476121462333017845491581526131017437173224917754300082762998717807044161477913076546158210735854877545951576805887781269228850876361716483 0 0 0 0 0 0 0 0 0 0 0 0 0 0 0 0 0 0 0 0 0 0 0 0 0 0 0 0 0 0 0 0 0 0 0 0 0 0 0 0 0 0 0 0 0 0 0 0 0 0 0 0 0 0 0 0 0 0 0 0 0 0 0 0 0 0 0 1 0 0 0 0 0 0 0 0 0 0 0 0 0]
[1253476072345227500974587476987743850422710512951594032802562057362236449792516901595930185836231217729766397953232831059740541669163876562313666887668151090774613060445767933388881151046590963279187446204929052299822417767544464795782857381804979 0 0 0 0 0 0 0 0 0 0 0 0 0 0 0 0 0 0 0 0 0 0 0 0 0 0 0 0 0 0 0 0 0 0 0 0 0 0 0 0 0 0 0 0 0 0 0 0 0 0 0 0 0 0 0 0 0 0 0 0 0 0 0 0 0 0 0 0 1 0 0 0 0 0 0 0 0 0 0 0 0]
[1832051720667379110835286684487628627055974604917655675081147573563399719312041085270767721263378894804450331184494421598384203043299476625353474000729452538604766564598637346946275081332522178257423578202836066832130670701633754325639154609986952 0 0 0 0 0 0 0 0 0 0 0 0 0 0 0 0 0 0 0 0 0 0 0 0 0 0 0 0 0 0 0 0 0 0 0 0 0 0 0 0 0 0 0 0 0 0 0 0 0 0 0 0 0 0 0 0 0 0 0 0 0 0 0 0 0 0 0 0 0 1 0 0 0 0 0 0 0 0 0 0 0]
[810748577708085669082949590075476084513573072917007447331202967409520410300407120294369898481836556693535030331521070745627567129439984591030312819509531951541168400261581257238330374879117247260011633931893449233411807881388820664915685909424754 0 0 0 0 0 0 0 0 0 0 0 0 0 0 0 0 0 0 0 0 0 0 0 0 0 0 0 0 0 0 0 0 0 0 0 0 0 0 0 0 0 0 0 0 0 0 0 0 0 0 0 0 0 0 0 0 0 0 0 0 0 0 0 0 0 0 0 0 0 0 1 0 0 0 0 0 0 0 0 0 0]
[3059777649008411649253456676658047685700085331783889095301604986567393639313113181993828693185612006339774636145188190044210543883596073271944361886496463833521469573902170720255311983349332952272314062295359355349700521344772182096472039304013522 0 0 0 0 0 0 0 0 0 0 0 0 0 0 0 0 0 0 0 0 0 0 0 0 0 0 0 0 0 0 0 0 0 0 0 0 0 0 0 0 0 0 0 0 0 0 0 0 0 0 0 0 0 0 0 0 0 0 0 0 0 0 0 0 0 0 0 0 0 0 0 1 0 0 0 0 0 0 0 0 0]
[3608348776998605086333762699548229105556410623845059402830433873682607918238073055092016778926848418336546944096964661981250466831600995311031668694673586016757845070354228116958797806562182926120094103485334798139966719277094715553633040739539314 0 0 0 0 0 0 0 0 0 0 0 0 0 0 0 0 0 0 0 0 0 0 0 0 0 0 0 0 0 0 0 0 0 0 0 0 0 0 0 0 0 0 0 0 0 0 0 0 0 0 0 0 0 0 0 0 0 0 0 0 0 0 0 0 0 0 0 0 0 0 0 0 1 0 0 0 0 0 0 0 0]
[3477835924792103115553626524639372868376490846245877846536385174504566345038397938370601656872672390331490297183706601826345691398067081424425919846082454593500698000622780336703220256224043258934559475267407888309819842930450426065962705920407455 0 0 0 0 0 0 0 0 0 0 0 0 0 0 0 0 0 0 0 0 0 0 0 0 0 0 0 0 0 0 0 0 0 0 0 0 0 0 0 0 0 0 0 0 0 0 0 0 0 0 0 0 0 0 0 0 0 0 0 0 0 0 0 0 0 0 0 0 0 0 0 0 0 1 0 0 0 0 0 0 0]
[3377911852923850048004210051025915234066511714985608674904697773763343111997557024287893768605738943930659881736460036992647739468243456629426251193115865725710358232558159493226171456359585081562151781664398909840492620634411271688653485050480200 0 0 0 0 0 0 0 0 0 0 0 0 0 0 0 0 0 0 0 0 0 0 0 0 0 0 0 0 0 0 0 0 0 0 0 0 0 0 0 0 0 0 0 0 0 0 0 0 0 0 0 0 0 0 0 0 0 0 0 0 0 0 0 0 0 0 0 0 0 0 0 0 0 0 1 0 0 0 0 0 0]
[1982428827074016641680845474857804478552439551727851052564160425661492879844473346687621263145612679217161957864145145140506545355096570152060305282035518838259518317155733200730201481836615476532738228350629563891902243808479973276538536452679261 0 0 0 0 0 0 0 0 0 0 0 0 0 0 0 0 0 0 0 0 0 0 0 0 0 0 0 0 0 0 0 0 0 0 0 0 0 0 0 0 0 0 0 0 0 0 0 0 0 0 0 0 0 0 0 0 0 0 0 0 0 0 0 0 0 0 0 0 0 0 0 0 0 0 0 1 0 0 0 0 0]
[1854765606583574578257549992027813775854483515699027302628188143456890050425579805177833633006740759561500149762492027772256140882980259144226240519538111457187360128095778164276044908559133836320569722850287141241829043337928859853922735459800567 0 0 0 0 0 0 0 0 0 0 0 0 0 0 0 0 0 0 0 0 0 0 0 0 0 0 0 0 0 0 0 0 0 0 0 0 0 0 0 0 0 0 0 0 0 0 0 0 0 0 0 0 0 0 0 0 0 0 0 0 0 0 0 0 0 0 0 0 0 0 0 0 0 0 0 0 1 0 0 0 0]
[74575767327610720468225621868799198010983921487940536340541783410162481541432440370149391475899640624522275811379742823595429023572039550865789041144911280376135188462883357409816442906659332870922878717189108351624846267822564141648529336742045 0 0 0 0 0 0 0 0 0 0 0 0 0 0 0 0 0 0 0 0 0 0 0 0 0 0 0 0 0 0 0 0 0 0 0 0 0 0 0 0 0 0 0 0 0 0 0 0 0 0 0 0 0 0 0 0 0 0 0 0 0 0 0 0 0 0 0 0 0 0 0 0 0 0 0 0 0 1 0 0 0]
[4208254402589055292793165454236607199411600496630645601905289324244504527895703844695942894835817227525383286451824140035012922721865806024960534573486186344435686315925999168751092098120479728788038224730495204016596734547650835443323781325826618 0 0 0 0 0 0 0 0 0 0 0 0 0 0 0 0 0 0 0 0 0 0 0 0 0 0 0 0 0 0 0 0 0 0 0 0 0 0 0 0 0 0 0 0 0 0 0 0 0 0 0 0 0 0 0 0 0 0 0 0 0 0 0 0 0 0 0 0 0 0 0 0 0 0 0 0 0 0 1 0 0]
[2749734082979383267639804329059202155022392501542287459684972413463384071418661610609123680908595385708845289228229013032690722833749460274092720873550630578099016116806916347790139272867172376064423505324853428883575732815587386518718283538221238 0 0 0 0 0 0 0 0 0 0 0 0 0 0 0 0 0 0 0 0 0 0 0 0 0 0 0 0 0 0 0 0 0 0 0 0 0 0 0 0 0 0 0 0 0 0 0 0 0 0 0 0 0 0 0 0 0 0 0 0 0 0 0 0 0 0 0 0 0 0 0 0 0 0 0 0 0 0 0 1 0]
[1590798715289583026567024643891522025438729919302566270700474518898926344400804147504015642585978152008911084177667366230459224802606159088815041960083126238913568541024757429828684978564303725720945268358723358523405992664498555462638381995577848 0 0 0 0 0 0 0 0 0 0 0 0 0 0 0 0 0 0 0 0 0 0 0 0 0 0 0 0 0 0 0 0 0 0 0 0 0 0 0 0 0 0 0 0 0 0 0 0 0 0 0 0 0 0 0 0 0 0 0 0 0 0 0 0 0 0 0 0 0 0 0 0 0 0 0 0 0 0 0 0 1]
]